[{"id": 0, "img_name": "blue_1_frame_000", "width": 1280, "height": 720, "position": [-6.990565118664371, 2.3170446332817507, -1.9299272904602778], "rotation": [[-0.028473167829565185, 0.5902791269702768, 0.8066968644310847], [0.9254506432650563, 0.3205815141741076, -0.20191235653160436], [-0.3777967518389082, 0.7408090476654966, -0.5554021690245713]], "fy": 532.53717, "fx": 532.53717}, {"id": 1, "img_name": "blue_1_frame_001", "width": 1280, "height": 720, "position": [-6.789258841419392, 1.6373670624640755, -1.9498306128426763], "rotation": [[-0.21931632440568014, 0.580355113947867, 0.7842756465962608], [0.9521354434967617, 0.30274549015510466, 0.04222871587608569], [-0.2129282634284368, 0.755998087908876, -0.61897370172571]], "fy": 532.53717, "fx": 532.53717}, {"id": 2, "img_name": "blue_1_frame_002", "width": 1280, "height": 720, "position": [-6.620810867914152, 1.2274077279105895, -2.0662950662058983], "rotation": [[0.1552950032537896, 0.6501377711963057, 0.7437770759563807], [0.9870872677225838, -0.1320527203019382, -0.09066864214828006], [0.03927067804721241, 0.7482532694435412, -0.6622498435240166]], "fy": 532.53717, "fx": 532.53717}, {"id": 3, "img_name": "blue_1_frame_003", "width": 1280, "height": 720, "position": [-6.60013570436876, 1.695722849782482, -2.197102120643877], "rotation": [[-0.041859835417539897, 0.6606257688074919, 0.7495474290363687], [0.9933180701762351, 0.10827232483946553, -0.03995391915953548], [-0.10754983146839503, 0.7428665410303229, -0.660743775558308]], "fy": 532.53717, "fx": 532.53717}, {"id": 4, "img_name": "blue_1_frame_004", "width": 1280, "height": 720, "position": [-6.662190051115384, 2.174798396898997, -2.3111654160657986], "rotation": [[0.023977389296483884, 0.634522888583448, 0.7725320640174146], [0.9406686685925892, 0.2473159807691866, -0.23233007244620796], [-0.3384782740436011, 0.7322673763717265, -0.5909458093347112]], "fy": 532.53717, "fx": 532.53717}, {"id": 5, "img_name": "blue_1_frame_005", "width": 1280, "height": 720, "position": [-6.598437810908566, 2.522898546707344, -2.3564169227331044], "rotation": [[0.029802987591597135, 0.6325166536598206, 0.7739731677262344], [0.9363758157376183, 0.2532562204900151, -0.243025961918935], [-0.3497314873140665, 0.731972656120361, -0.584725505513415]], "fy": 532.53717, "fx": 532.53717}, {"id": 6, "img_name": "blue_1_frame_006", "width": 1280, "height": 720, "position": [-6.576411546222068, 2.732990356852012, -2.2463302061111623], "rotation": [[0.11374866923626369, 0.7308295101048301, 0.6730152058497669], [0.943164074199979, 0.13347282453228132, -0.30434607628525506], [-0.31225433429108157, 0.6693827247335173, -0.6741097821217708]], "fy": 532.53717, "fx": 532.53717}, {"id": 7, "img_name": "blue_1_frame_007", "width": 1280, "height": 720, "position": [-6.801441994407852, 3.0540393445747007, -2.2390331135643478], "rotation": [[0.0771162019258633, 0.7239715693585161, 0.6855058417945805], [0.9376309838375044, 0.1810955695929018, -0.296736471781722], [-0.338970840223525, 0.6656347063503514, -0.6648527723759753]], "fy": 532.53717, "fx": 532.53717}, {"id": 8, "img_name": "blue_1_frame_008", "width": 1280, "height": 720, "position": [-6.924476374719086, 3.36647020673393, -1.8850546657691343], "rotation": [[0.08217394603586377, 0.5863082721652367, 0.8059094565010896], [0.9321564226283707, 0.2408854692066131, -0.2702935331442357], [-0.352607211837684, 0.7734447622794602, -0.5267365119501868]], "fy": 532.53717, "fx": 532.53717}, {"id": 9, "img_name": "blue_1_frame_009", "width": 1280, "height": 720, "position": [-7.040077151515192, 3.4634271888997095, -1.8755660847569786], "rotation": [[0.09758901374158209, 0.6170039864105429, 0.7808856923194349], [0.9312223473696195, 0.2202283080423993, -0.2903866930620937], [-0.35114288185170417, 0.7555167585842301, -0.5530760371330714]], "fy": 532.53717, "fx": 532.53717}, {"id": 10, "img_name": "blue_1_frame_010", "width": 1280, "height": 720, "position": [-7.0101578510271985, 3.4841908004121622, -1.8380121492178474], "rotation": [[0.17861479307033964, 0.5650637997781423, 0.8054810090409945], [0.937845174855506, 0.14980429137041007, -0.3130576628479046], [-0.2975620636869831, 0.8113332080272782, -0.5031850954032794]], "fy": 532.53717, "fx": 532.53717}, {"id": 11, "img_name": "blue_1_frame_011", "width": 1280, "height": 720, "position": [-6.9609141871489895, 3.4589233832254154, -1.930648481027176], "rotation": [[0.032790881558300684, 0.655637609527777, 0.7543633615984631], [0.9473881168852416, 0.22006039113175946, -0.23244177515827139], [-0.318403065836476, 0.7222968557503172, -0.613927305908748]], "fy": 532.53717, "fx": 532.53717}, {"id": 12, "img_name": "blue_1_frame_012", "width": 1280, "height": 720, "position": [-6.911306155833081, 3.6681662572897666, -2.0227080000904043], "rotation": [[0.31770421298343754, 0.6388638689522474, 0.7006546864271319], [0.8535789841971793, 0.12905988703082458, -0.504724145253315], [-0.41287643478630376, 0.7584171029269731, -0.5043179024497836]], "fy": 532.53717, "fx": 532.53717}, {"id": 13, "img_name": "blue_1_frame_013", "width": 1280, "height": 720, "position": [-6.855824859549177, 3.86694594784582, -2.03167456342435], "rotation": [[0.2522900022513441, 0.5803699008715876, 0.7742871137949888], [0.8461886111744811, 0.25581486808643816, -0.46746506740005345], [-0.4693768110434017, 0.7731297000394161, -0.42656286681318367]], "fy": 532.53717, "fx": 532.53717}, {"id": 14, "img_name": "blue_1_frame_014", "width": 1280, "height": 720, "position": [-6.778178991163139, 4.0751169416449855, -2.1703926977574497], "rotation": [[0.34232877005167656, 0.6182070678227335, 0.7075528488664756], [0.7367086773510555, 0.29078051070906474, -0.6104973535687744], [-0.583156357558336, 0.7302511316614558, -0.35589597667413153]], "fy": 532.53717, "fx": 532.53717}, {"id": 15, "img_name": "blue_1_frame_015", "width": 1280, "height": 720, "position": [-6.700485058998677, 4.180764702289774, -2.4302358757600127], "rotation": [[0.32237204147530185, 0.6649699764878965, 0.6737144775504791], [0.7159553613958441, 0.2943135386200957, -0.6330777689119436], [-0.6192610010165137, 0.6864360650283933, -0.3812103635550229]], "fy": 532.53717, "fx": 532.53717}, {"id": 16, "img_name": "blue_1_frame_016", "width": 1280, "height": 720, "position": [-6.6484358127117895, 4.293199649410127, -2.521971413428203], "rotation": [[0.469739927825763, 0.6820909419156422, 0.5604429919494989], [0.5553181262684557, 0.265207752924739, -0.7882173726281398], [-0.6862697566601379, 0.6814813239053207, -0.2541987930922197]], "fy": 532.53717, "fx": 532.53717}, {"id": 17, "img_name": "blue_1_frame_017", "width": 1280, "height": 720, "position": [-6.584034766234593, 4.501636638631688, -2.5532525699729036], "rotation": [[0.45779794420723724, 0.6306431621161335, 0.6266659744348545], [0.5471934377159015, 0.3556776395094744, -0.7576758921027796], [-0.7007141950602083, 0.6897699745779411, -0.182255307679121]], "fy": 532.53717, "fx": 532.53717}, {"id": 18, "img_name": "blue_1_frame_018", "width": 1280, "height": 720, "position": [-6.603029847122821, 4.604537146243429, -2.6866592902499953], "rotation": [[0.4778370429194471, 0.715138110306553, 0.5101462966466254], [0.3875897530234064, 0.34951487321453123, -0.8530026595666838], [-0.7883184281407793, 0.6053237456632221, -0.11016905010094533]], "fy": 532.53717, "fx": 532.53717}, {"id": 19, "img_name": "blue_1_frame_019", "width": 1280, "height": 720, "position": [-6.541655739942509, 4.746786040334591, -2.7763635460026515], "rotation": [[0.5108986775060691, 0.6617038629343344, 0.5487536234782566], [0.4138205784596148, 0.370209384259518, -0.8316835581406884], [-0.753481964181019, 0.6519915718903012, -0.08468719051622459]], "fy": 532.53717, "fx": 532.53717}, {"id": 20, "img_name": "blue_1_frame_020", "width": 1280, "height": 720, "position": [-6.49463998689419, 4.870661615319297, -2.888596134813132], "rotation": [[0.4588101329035891, 0.7336875726754272, 0.501194380538592], [0.39497434231718975, 0.33686548639561614, -0.8547028210416086], [-0.7959199270610875, 0.5901052356038033, -0.13523046786401766]], "fy": 532.53717, "fx": 532.53717}, {"id": 21, "img_name": "blue_1_frame_021", "width": 1280, "height": 720, "position": [-6.778547464584411, 4.8997750616501445, -2.9087006968832707], "rotation": [[0.36132634624028087, 0.7982055279495841, 0.4819867286834514], [0.19463921706021065, 0.4409563689943542, -0.8761695359881225], [-0.9118984848427139, 0.41039665661671704, 0.003967054652619084]], "fy": 532.53717, "fx": 532.53717}, {"id": 22, "img_name": "blue_1_frame_022", "width": 1280, "height": 720, "position": [-6.4404535112909835, 5.2177124693822, -3.045435518736606], "rotation": [[0.520797762419461, 0.7444263180178277, 0.41785062845370863], [0.17651404026698925, 0.38498925997111505, -0.9058841334810793], [-0.8352319942658822, 0.5455389323838973, 0.06909984807444074]], "fy": 532.53717, "fx": 532.53717}, {"id": 23, "img_name": "blue_1_frame_023", "width": 1280, "height": 720, "position": [-6.383794302821197, 5.240356835072212, -3.008960751936123], "rotation": [[0.6012943012937492, 0.6837630861139785, 0.41341650307838285], [0.17794859808216332, 0.3898108200634432, -0.9035384997721412], [-0.7789604992490075, 0.616859437957941, 0.11271634213548139]], "fy": 532.53717, "fx": 532.53717}, {"id": 24, "img_name": "blue_1_frame_024", "width": 1280, "height": 720, "position": [-6.386598852403905, 5.2521484895428685, -3.104149088687377], "rotation": [[0.5895915156624867, 0.683585412327003, 0.43022416161273325], [0.03459074216069783, 0.5107938050746238, -0.8590070837178184], [-0.8069605478202947, 0.5213450617147345, 0.2775139668695106]], "fy": 532.53717, "fx": 532.53717}, {"id": 25, "img_name": "blue_1_frame_025", "width": 1280, "height": 720, "position": [-6.324325059686551, 5.251712980136472, -3.1387116442704435], "rotation": [[0.638696059575949, 0.6838333304147072, 0.35275957889257553], [0.031018141720985062, 0.43519695947037756, -0.8998008016274229], [-0.7688336745816449, 0.5856411733639516, 0.2567473437932805]], "fy": 532.53717, "fx": 532.53717}, {"id": 26, "img_name": "blue_1_frame_026", "width": 1280, "height": 720, "position": [-6.232094530587976, 5.211677540650711, -3.3069681473065176], "rotation": [[0.5742722328171963, 0.7745955324051179, 0.26497766563175884], [0.005652658504223159, 0.31991121866347405, -0.9474306617431849], [-0.8186448861120792, 0.5455809495733206, 0.1793376059922023]], "fy": 532.53717, "fx": 532.53717}, {"id": 27, "img_name": "blue_1_frame_027", "width": 1280, "height": 720, "position": [-6.121810461673109, 5.277775549761994, -3.4898313092918207], "rotation": [[0.644494757293698, 0.7255054071882199, 0.24138850867361603], [0.001548065038828066, 0.31446321495082685, -0.9492683973683408], [-0.76460716153699, 0.6121721905544859, 0.20154676378724526]], "fy": 532.53717, "fx": 532.53717}, {"id": 28, "img_name": "blue_1_frame_028", "width": 1280, "height": 720, "position": [-6.08168407949061, 5.425386233084147, -3.5526795067912813], "rotation": [[0.6128486394502569, 0.74350888009974, 0.2676024854324078], [-0.008626050133904975, 0.3449260014829518, -0.9385902431545127], [-0.7901532359332958, 0.5729054010031591, 0.21780097563730366]], "fy": 532.53717, "fx": 532.53717}, {"id": 29, "img_name": "blue_1_frame_029", "width": 1280, "height": 720, "position": [-6.054626721500545, 5.4062662923517335, -3.67042587755762], "rotation": [[0.620053331216038, 0.729006180132469, 0.28997216379537066], [-0.017324094898174405, 0.38223059858920433, -0.9239045650052073], [-0.7843683714833625, 0.5678465979735802, 0.24963272819403434]], "fy": 532.53717, "fx": 532.53717}, {"id": 30, "img_name": "blue_1_frame_030", "width": 1280, "height": 720, "position": [-5.9365537747722765, 5.323932120405877, -3.7880241177683796], "rotation": [[0.683796853022192, 0.6794581116380485, 0.2660047708105055], [-0.008554016510612496, 0.37199318387095526, -0.9281960458296559], [-0.7296222943182511, 0.6324221258159216, 0.2601798644569495]], "fy": 532.53717, "fx": 532.53717}, {"id": 31, "img_name": "blue_1_frame_031", "width": 1280, "height": 720, "position": [-5.749664082873322, 5.241088245458957, -3.9949759127179276], "rotation": [[0.5790070189375099, 0.7839215729665996, 0.22409337344636862], [-0.04448989858272879, 0.3048208946174873, -0.9513699974562255], [-0.8141078070557363, 0.5408800149509427, 0.21137002856106857]], "fy": 532.53717, "fx": 532.53717}, {"id": 32, "img_name": "blue_1_frame_032", "width": 1280, "height": 720, "position": [-5.622583368746197, 5.297762823127069, -4.233616253036336], "rotation": [[0.5554617409186583, 0.8118502209875471, 0.179892948141067], [-0.1705798847437403, 0.3229830688450062, -0.9309051722669381], [-0.8138579464680712, 0.48639608912387094, 0.31789005496520323]], "fy": 532.53717, "fx": 532.53717}, {"id": 33, "img_name": "blue_1_frame_033", "width": 1280, "height": 720, "position": [-5.53197711272037, 5.369072707330263, -4.272895855585721], "rotation": [[0.6153957455586203, 0.7689157330968748, 0.17336860181486152], [-0.26330948252908953, 0.4078571608878953, -0.874254341289088], [-0.7429375432089882, 0.49236280550895567, 0.4534563652000496]], "fy": 532.53717, "fx": 532.53717}, {"id": 34, "img_name": "blue_1_frame_034", "width": 1280, "height": 720, "position": [-5.4632917391252125, 5.182202980916012, -4.396927461497402], "rotation": [[0.6406646267345648, 0.7643382926630888, 0.0730466327878212], [-0.27740375677694934, 0.3191230958581715, -0.9062050571942506], [-0.7159580936890088, 0.5603101144252832, 0.416481192833526]], "fy": 532.53717, "fx": 532.53717}, {"id": 35, "img_name": "blue_1_frame_035", "width": 1280, "height": 720, "position": [-5.275573471022548, 5.132593564712615, -4.6298125968020765], "rotation": [[0.5491670680895996, 0.8323865055313764, 0.07448649370909886], [-0.30532429812818795, 0.2828054696450049, -0.9092844114566295], [-0.7779412608342235, 0.4766065183720882, 0.4094552755305648]], "fy": 532.53717, "fx": 532.53717}, {"id": 36, "img_name": "blue_1_frame_036", "width": 1280, "height": 720, "position": [-5.1769870126989925, 5.285370470223397, -4.710155513680809], "rotation": [[0.6105718016262622, 0.7902537326798884, 0.05197223928490202], [-0.45296677308222005, 0.4022983583424507, -0.7955986012416314], [-0.6496331104202311, 0.46222837407461664, 0.6035907161885155]], "fy": 532.53717, "fx": 532.53717}, {"id": 37, "img_name": "blue_1_frame_037", "width": 1280, "height": 720, "position": [-5.126931998252431, 5.360409701839811, -4.712586325109484], "rotation": [[0.4862837171105605, 0.863861530116977, -0.13142071088005522], [-0.68292649727059, 0.2819108812699598, -0.6738973618696804], [-0.5451050777510577, 0.41745599982890125, 0.7270426001357494]], "fy": 532.53717, "fx": 532.53717}, {"id": 38, "img_name": "blue_1_frame_038", "width": 1280, "height": 720, "position": [-5.178548590915719, 5.161897591725416, -4.7236574284774955], "rotation": [[0.5968819215841458, 0.7776926819884196, -0.19729689513806825], [-0.6699250265031216, 0.3477598191932152, -0.655944790553854], [-0.4415115302166578, 0.5236957148684784, 0.728567338979858]], "fy": 532.53717, "fx": 532.53717}, {"id": 39, "img_name": "blue_1_frame_039", "width": 1280, "height": 720, "position": [-5.036487625315934, 4.8874361054715765, -4.856767436388535], "rotation": [[0.47698918819695924, 0.8608743252551395, -0.17713472540499078], [-0.7016964247075697, 0.25164080794207366, -0.6665575984296138], [-0.529247997049027, 0.44223557137361635, 0.7241023803904199]], "fy": 532.53717, "fx": 532.53717}, {"id": 40, "img_name": "blue_1_frame_040", "width": 1280, "height": 720, "position": [-4.85992566754362, 4.790933880098976, -5.060180746488381], "rotation": [[0.532176338485532, 0.8464071686075505, -0.019576736391503327], [-0.47376847165531866, 0.27855779106598405, -0.8354334148447725], [-0.7016635796044828, 0.45387273580108767, 0.5492428968263963]], "fy": 532.53717, "fx": 532.53717}, {"id": 41, "img_name": "blue_1_frame_041", "width": 1280, "height": 720, "position": [-4.756423271312563, 4.83513115449019, -5.205632554078228], "rotation": [[0.6500970788162126, 0.7597541581084618, 0.012141142795287599], [-0.45788633974667403, 0.4044499035982564, -0.7916819912991492], [-0.6063941688249206, 0.5091108864588296, 0.6108127514228318]], "fy": 532.53717, "fx": 532.53717}, {"id": 42, "img_name": "blue_1_frame_042", "width": 1280, "height": 720, "position": [-4.65982111648361, 4.95371222794856, -5.319257168639781], "rotation": [[0.5358122005374666, 0.8410017631594215, -0.07497546462237147], [-0.7018351316068657, 0.39425581623596223, -0.5932872825520414], [-0.469396137579944, 0.37051097953820034, 0.8014916594341688]], "fy": 532.53717, "fx": 532.53717}, {"id": 43, "img_name": "blue_1_frame_043", "width": 1280, "height": 720, "position": [-4.59492030788672, 4.908097032922229, -5.420236533161605], "rotation": [[0.6117060884355581, 0.7574445611405158, -0.22823978293648803], [-0.6946014783805002, 0.3761787632221712, -0.6132033307860686], [-0.3786085682441259, 0.5336359015791169, 0.7562329514209221]], "fy": 532.53717, "fx": 532.53717}, {"id": 44, "img_name": "blue_1_frame_044", "width": 1280, "height": 720, "position": [-4.410133143329592, 4.803054635101789, -5.700135604392985], "rotation": [[0.4284947413629352, 0.8912131481979065, -0.1487661942234593], [-0.8503335084700626, 0.3420888005474702, -0.3998852038630613], [-0.30549170273110465, 0.2978495868299711, 0.9044116557707794]], "fy": 532.53717, "fx": 532.53717}, {"id": 45, "img_name": "blue_1_frame_045", "width": 1280, "height": 720, "position": [-4.323934948311619, 4.77040886324871, -5.779414768389817], "rotation": [[0.45768676310214995, 0.873526919815827, -0.16575146183856515], [-0.8446554517739008, 0.36896675655001654, -0.3878410759457073], [-0.2776328412367223, 0.31751260252023095, 0.9067004757273299]], "fy": 532.53717, "fx": 532.53717}, {"id": 46, "img_name": "blue_1_frame_046", "width": 1280, "height": 720, "position": [-4.3025225293788765, 4.6023439446359795, -5.771901482274692], "rotation": [[0.5032935782419098, 0.7885569116406931, -0.35337454670618706], [-0.839600177225233, 0.3495369282049014, -0.41580701892557287], [-0.20437004565118794, 0.50596633454026, 0.8379922150261385]], "fy": 532.53717, "fx": 532.53717}, {"id": 47, "img_name": "blue_1_frame_047", "width": 1280, "height": 720, "position": [-4.041258981114061, 4.188730568071634, -6.037432772235019], "rotation": [[0.3859295862710127, 0.8917829625174457, -0.23618108264740637], [-0.8312014636637775, 0.2250731894448166, -0.5083760303266357], [-0.4002030520124595, 0.39251141279086676, 0.8281137050161831]], "fy": 532.53717, "fx": 532.53717}, {"id": 48, "img_name": "blue_1_frame_048", "width": 1280, "height": 720, "position": [-3.721326433591536, 3.886194278756809, -6.230441538764504], "rotation": [[0.348939252357433, 0.9286283725555408, -0.12605849436608968], [-0.8328384799103917, 0.24560948284493736, -0.4960403698230591], [-0.42967599967597164, 0.2780743206383809, 0.8591002313682713]], "fy": 532.53717, "fx": 532.53717}, {"id": 49, "img_name": "blue_1_frame_049", "width": 1280, "height": 720, "position": [-3.7106332087449783, 3.7568090107027383, -6.236446275340673], "rotation": [[0.34303371366051966, 0.8947119060366324, -0.2860392926979772], [-0.8353857624416389, 0.15135369512570537, -0.528415260472124], [-0.42948632071425075, 0.4202174018128204, 0.7993490074299145]], "fy": 532.53717, "fx": 532.53717}, {"id": 50, "img_name": "blue_1_frame_050", "width": 1280, "height": 720, "position": [-3.729014944131309, 3.883068782447478, -6.262985380328919], "rotation": [[0.5111662240953618, 0.8482807307003454, -0.13830724393106508], [-0.803968181959617, 0.415023376098325, -0.42589994157742284], [-0.30388197412460555, 0.3289002884790342, 0.8941366484713393]], "fy": 532.53717, "fx": 532.53717}, {"id": 51, "img_name": "blue_1_frame_051", "width": 1280, "height": 720, "position": [-3.7932994726959235, 3.723072307177301, -6.175142683688489], "rotation": [[0.5211748841196148, 0.7823261922258543, -0.3410901177250214], [-0.8158637650077528, 0.3394025828466011, -0.4681583094680965], [-0.25048564110472954, 0.5222754203809017, 0.8151596951468959]], "fy": 532.53717, "fx": 532.53717}, {"id": 52, "img_name": "blue_1_frame_052", "width": 1280, "height": 720, "position": [-3.728006105553908, 3.542921681584134, -6.286518441019125], "rotation": [[0.3141074048946412, 0.8736161623531631, -0.371660247716373], [-0.933500824385289, 0.21288557561779758, -0.288541060043792], [-0.17295302752264746, 0.4375780311379232, 0.8823903427908556]], "fy": 532.53717, "fx": 532.53717}, {"id": 53, "img_name": "blue_1_frame_053", "width": 1280, "height": 720, "position": [-3.6469876250810658, 3.4058763102232756, -6.404974913683847], "rotation": [[0.34220652358666226, 0.908678682668263, -0.23916050516660722], [-0.9311434050045219, 0.29382786559325497, -0.21595634997834864], [-0.1259629107470192, 0.2965943988743824, 0.9466599747010909]], "fy": 532.53717, "fx": 532.53717}, {"id": 54, "img_name": "blue_1_frame_054", "width": 1280, "height": 720, "position": [-3.709224801990799, 3.197499366930489, -6.293159467466409], "rotation": [[0.37047439906637086, 0.8319090967117398, -0.41312948816354966], [-0.9258933333012501, 0.29534176832137543, -0.23557328949709194], [-0.07396116907080262, 0.46978771182783974, 0.8796756511342081]], "fy": 532.53717, "fx": 532.53717}, {"id": 55, "img_name": "blue_1_frame_055", "width": 1280, "height": 720, "position": [-3.561091564762918, 2.9338930615880012, -6.304452827383404], "rotation": [[0.2690764917688566, 0.9165022041263425, -0.2960093761532224], [-0.9508041677620237, 0.20378749500834145, -0.2333282896463154], [-0.15352288267691427, 0.3442301062000027, 0.9262485403042208]], "fy": 532.53717, "fx": 532.53717}, {"id": 56, "img_name": "blue_1_frame_056", "width": 1280, "height": 720, "position": [-3.4719592782216924, 2.796755769437546, -6.33613093381627], "rotation": [[0.27988843751165554, 0.9088107794924649, -0.3093952654929478], [-0.9507538143763078, 0.21769604156684913, -0.22062551683329185], [-0.13315272314171517, 0.35590925993482464, 0.9249859193976034]], "fy": 532.53717, "fx": 532.53717}, {"id": 57, "img_name": "blue_1_frame_057", "width": 1280, "height": 720, "position": [-3.5509839810444586, 2.7050417257844863, -6.353904103137101], "rotation": [[0.1996514384447519, 0.9055140264374079, -0.3744110737643978], [-0.9795884339283831, 0.17533900079141948, -0.09829921695586567], [-0.02336245590757749, 0.3863943372585993, 0.9220377497131705]], "fy": 532.53717, "fx": 532.53717}, {"id": 58, "img_name": "blue_1_frame_058", "width": 1280, "height": 720, "position": [-3.5806340510269217, 2.629055844927206, -6.249891325512717], "rotation": [[0.29007824337110477, 0.8723851758759954, -0.3934446820548693], [-0.9552887028984072, 0.28855223931074, -0.0645065849862366], [0.05725475561145548, 0.39456521679402534, 0.9170824295993424]], "fy": 532.53717, "fx": 532.53717}, {"id": 59, "img_name": "blue_1_frame_059", "width": 1280, "height": 720, "position": [-3.515166610076123, 2.408767457353965, -6.168514897315666], "rotation": [[0.14712504234692575, 0.8692467562414643, -0.47197912948654885], [-0.9885615555394972, 0.11322014672048805, -0.09963558239106224], [-0.03317036051232499, 0.48123931170756296, 0.8759614443853465]], "fy": 532.53717, "fx": 532.53717}, {"id": 60, "img_name": "blue_1_frame_060", "width": 1280, "height": 720, "position": [-3.3823306123853425, 2.160425246348633, -6.333489269955526], "rotation": [[0.19909768716450796, 0.8831579588458344, -0.4247259495816924], [-0.9798009422543262, 0.1876707184828582, -0.0690638585579779], [0.018714328156394237, 0.42989733975525074, 0.9026838047633107]], "fy": 532.53717, "fx": 532.53717}, {"id": 61, "img_name": "blue_1_frame_061", "width": 1280, "height": 720, "position": [-3.2651042941872244, 1.8030978803809226, -6.423922788818893], "rotation": [[0.15368555150875976, 0.8998860142291516, -0.40814937429084847], [-0.9880616624894292, 0.135473147938257, -0.07335650188194844], [-0.010719209759354325, 0.4145505839394058, 0.909963137605006]], "fy": 532.53717, "fx": 532.53717}, {"id": 62, "img_name": "blue_1_frame_062", "width": 1280, "height": 720, "position": [-3.131953193407288, 1.5836734042494942, -6.432701483314474], "rotation": [[0.0004788733704734957, 0.91286284119417, -0.4082660923732526], [-0.9795631604418059, 0.08254533428407441, 0.1834183223248415], [0.20113623174375816, 0.3998345900820813, 0.8942463400414904]], "fy": 532.53717, "fx": 532.53717}, {"id": 63, "img_name": "blue_1_frame_063", "width": 1280, "height": 720, "position": [-3.203478774925124, 1.5630217885848847, -6.527519965562103], "rotation": [[0.00878423849054483, 0.9175837032333707, -0.3974455716897038], [-0.9735961702377051, 0.09851563161992707, 0.2059251455519056], [0.2281081589809879, 0.385142591558806, 0.8942213661798784]], "fy": 532.53717, "fx": 532.53717}, {"id": 64, "img_name": "blue_1_frame_064", "width": 1280, "height": 720, "position": [-3.09074901709378, 1.4944035650715317, -6.53608394452642], "rotation": [[0.08106666672342001, 0.9192340460831897, -0.385275179470885], [-0.9508601870926502, 0.18721546260853617, 0.24660753238364305], [0.29881951073670643, 0.3463511786435087, 0.889239990687025]], "fy": 532.53717, "fx": 532.53717}, {"id": 65, "img_name": "blue_1_frame_065", "width": 1280, "height": 720, "position": [-3.1930332585362944, 1.235943683233704, -6.431787871074346], "rotation": [[-0.05899238175056325, 0.897223263897007, -0.43761891367362654], [-0.9783142163888006, 0.035229311306978296, 0.20410827916820043], [0.1985477093659118, 0.4401696381344793, 0.8756880133749931]], "fy": 532.53717, "fx": 532.53717}, {"id": 66, "img_name": "blue_1_frame_066", "width": 1280, "height": 720, "position": [-3.2196860731007084, 1.1685918592947862, -6.394581110009904], "rotation": [[-0.02645867059314823, 0.8898839760382447, -0.455418980779427], [-0.9699115970433337, 0.08744289124336421, 0.2272118720327695], [0.24201535650585734, 0.447727875011318, 0.8607951656280176]], "fy": 532.53717, "fx": 532.53717}, {"id": 67, "img_name": "blue_1_frame_067", "width": 1280, "height": 720, "position": [-3.208839525518648, 1.1357063167891397, -6.438122447473799], "rotation": [[-0.09000688021663415, 0.9096456820419282, -0.40551633169105794], [-0.8752753132282497, 0.12201735900756965, 0.4679795835792267], [0.47517563929444706, 0.3970598163202516, 0.7852080069672271]], "fy": 532.53717, "fx": 532.53717}, {"id": 68, "img_name": "blue_1_frame_068", "width": 1280, "height": 720, "position": [-3.240848513628731, 0.8845311591057087, -6.328023923455622], "rotation": [[-0.06221157525650401, 0.9075500373421298, -0.4153103046522238], [-0.859847433545982, 0.16253906701386933, 0.48398702704192165], [0.5067465939248252, 0.3872130951308194, 0.7702427593961889]], "fy": 532.53717, "fx": 532.53717}, {"id": 69, "img_name": "blue_1_frame_069", "width": 1280, "height": 720, "position": [-3.2569363634421955, 0.5390996722407163, -6.1820113924874915], "rotation": [[-0.24274453821766442, 0.8782553361494774, -0.4119983652973928], [-0.8956015735252438, -0.039684025978123906, 0.44308351245571587], [0.37279070533190967, 0.47654248712570824, 0.7961999421440686]], "fy": 532.53717, "fx": 532.53717}, {"id": 70, "img_name": "blue_1_frame_070", "width": 1280, "height": 720, "position": [-3.2341896058516557, 0.3667619932569262, -6.1086367523510035], "rotation": [[-0.22147926218360411, 0.9251837129225089, -0.30819155531479236], [-0.6907785486729887, 0.07422587620554906, 0.7192464923474094], [0.6883109283729768, 0.3721902972992898, 0.6226575694457451]], "fy": 532.53717, "fx": 532.53717}, {"id": 71, "img_name": "blue_1_frame_071", "width": 1280, "height": 720, "position": [-3.3441182013465034, 0.12678679055505576, -5.905212680282828], "rotation": [[-0.36673924928874013, 0.8753830096033426, -0.3149712819114749], [-0.7159713293451294, -0.04938975249634998, 0.6963804327087003], [0.5940432454686544, 0.4809004450003997, 0.6448622986542686]], "fy": 532.53717, "fx": 532.53717}, {"id": 72, "img_name": "blue_1_frame_072", "width": 1280, "height": 720, "position": [-3.4079671136431613, 0.08788150810369326, -5.793379978467644], "rotation": [[-0.2978764227589523, 0.8944429365713008, -0.3335288144763085], [-0.6996225922452558, 0.033152256586064154, 0.7137430604781425], [0.6494596717951719, 0.44595152335022353, 0.6158972102259287]], "fy": 532.53717, "fx": 532.53717}, {"id": 73, "img_name": "blue_1_frame_073", "width": 1280, "height": 720, "position": [-3.4676886624675727, 0.03856369112999851, -5.710114632819485], "rotation": [[-0.24289157462829603, 0.91353770229409, -0.32627066748052463], [-0.6738098233589126, 0.08307452046879318, 0.7342199569975568], [0.6978423918880131, 0.39818022275810966, 0.5953725774349894]], "fy": 532.53717, "fx": 532.53717}, {"id": 74, "img_name": "blue_1_frame_074", "width": 1280, "height": 720, "position": [-3.593555154809321, -0.10702134726990001, -5.582675175639099], "rotation": [[-0.3953873838824374, 0.8647552466944117, -0.3096242569877625], [-0.6801382523025519, -0.04908547228933929, 0.731438701851726], [0.6173174021162592, 0.4997889355780046, 0.60756089823857]], "fy": 532.53717, "fx": 532.53717}, {"id": 75, "img_name": "blue_1_frame_075", "width": 1280, "height": 720, "position": [-3.720739816051454, -0.1851327523273328, -5.491624068196031], "rotation": [[-0.32436000472479476, 0.9306620595868688, -0.16928885751100936], [-0.6704067723681405, -0.09991368611125397, 0.7352360261443717], [0.667342000772308, 0.3519735578465556, 0.6563301519416146]], "fy": 532.53717, "fx": 532.53717}, {"id": 76, "img_name": "blue_1_frame_076", "width": 1280, "height": 720, "position": [-3.78911879072571, -0.1123500617333288, -5.443381463021284], "rotation": [[-0.30535945561949285, 0.8845082265286466, -0.35270497538226664], [-0.6477004210840406, 0.07858544391004937, 0.7578314405231336], [0.6980256205783665, 0.459858157393081, 0.5488995426800801]], "fy": 532.53717, "fx": 532.53717}, {"id": 77, "img_name": "blue_1_frame_077", "width": 1280, "height": 720, "position": [-3.6628862886834206, -0.3920629718656693, -5.463547355645915], "rotation": [[-0.4057996826017517, 0.8555505703624086, -0.3214962496630969], [-0.6616144512137815, -0.03230037268549255, 0.7491481852243134], [0.6305497085400689, 0.5167106608464284, 0.5791521025140408]], "fy": 532.53717, "fx": 532.53717}, {"id": 78, "img_name": "blue_1_frame_078", "width": 1280, "height": 720, "position": [-3.5805598361060027, -0.650433433219248, -5.51445584959235], "rotation": [[-0.26919664947093574, 0.9274917020116322, -0.25940761034048165], [-0.6264880375330542, 0.03593228138807793, 0.7786023447597997], [0.731468320866308, 0.37211290643706707, 0.571389605262895]], "fy": 532.53717, "fx": 532.53717}, {"id": 79, "img_name": "blue_1_frame_079", "width": 1280, "height": 720, "position": [-3.6098937162545432, -0.9597139702811833, -5.345157403547717], "rotation": [[-0.5342183508716422, 0.8318210923371191, -0.15061349888132278], [-0.4332609666346031, -0.1164315717841693, 0.8937161884056313], [0.7258758092766568, 0.5426945374430471, 0.4225954913751623]], "fy": 532.53717, "fx": 532.53717}, {"id": 80, "img_name": "blue_1_frame_080", "width": 1280, "height": 720, "position": [-3.7294586191488386, -0.8646338501560925, -5.248998197458738], "rotation": [[-0.4535196956763447, 0.8909218916704182, -0.024043057847199793], [-0.42464324258714986, -0.19228739607178433, 0.8847054164419899], [0.7835802461862544, 0.41144105324958413, 0.46553008228001763]], "fy": 532.53717, "fx": 532.53717}, {"id": 81, "img_name": "blue_1_frame_081", "width": 1280, "height": 720, "position": [-3.8515471151422687, -0.6294759999668089, -5.062409726381405], "rotation": [[-0.4736267549171844, 0.8539923000040606, -0.2153482015463146], [-0.40277210787799755, 0.007421783513689916, 0.915270203713851], [0.7832319742521827, 0.5202327058390834, 0.34044912394208626]], "fy": 532.53717, "fx": 532.53717}, {"id": 82, "img_name": "blue_1_frame_082", "width": 1280, "height": 720, "position": [-3.9998803657933104, -0.5943140122056197, -4.928589111933248], "rotation": [[-0.5950338386108944, 0.8001149202975428, -0.07583431508629747], [-0.21920550032800293, -0.07078953790252689, 0.9731072852912862], [0.7732293823008156, 0.5956550632524528, 0.2175117630056329]], "fy": 532.53717, "fx": 532.53717}, {"id": 83, "img_name": "blue_1_frame_083", "width": 1280, "height": 720, "position": [-4.140587778646391, -0.5326283307704356, -4.808922847932521], "rotation": [[-0.6418966338830436, 0.7665582446689336, -0.018898886815800556], [-0.12775291432659183, -0.08260985868239745, 0.9883596528891079], [0.756074006479429, 0.6368391226268205, 0.15095704055205414]], "fy": 532.53717, "fx": 532.53717}, {"id": 84, "img_name": "blue_1_frame_084", "width": 1280, "height": 720, "position": [-4.290316774109935, -0.5556005017269433, -4.6160153095229814], "rotation": [[-0.6287292515229549, 0.775833975814372, 0.052736806587306936], [-0.001313275366369595, -0.06887712510425434, 0.9976242866354311], [0.7776231761623198, 0.6271663128302615, 0.044323946685904975]], "fy": 532.53717, "fx": 532.53717}, {"id": 85, "img_name": "blue_1_frame_085", "width": 1280, "height": 720, "position": [-4.408363476509903, -0.5729405633336389, -4.461946682843761], "rotation": [[-0.4971345549720211, 0.862109917403714, 0.09810057920809977], [0.053831295703377496, -0.0821988905879261, 0.9951610589847641], [0.8660019774398319, 0.5000098319342761, -0.005544584514262628]], "fy": 532.53717, "fx": 532.53717}, {"id": 86, "img_name": "blue_1_frame_086", "width": 1280, "height": 720, "position": [-4.432938534406126, -0.5765990906645013, -4.375769240102175], "rotation": [[-0.5409507682801873, 0.8407157052506028, 0.023861452189871145], [-0.06803804427875942, -0.07202111324463659, 0.995079787524691], [0.8382977337953083, 0.5366656891906209, 0.09616052911112598]], "fy": 532.53717, "fx": 532.53717}, {"id": 87, "img_name": "blue_1_frame_087", "width": 1280, "height": 720, "position": [-4.556090708100367, -0.47763133149869036, -4.27476168048923], "rotation": [[-0.4684496438407526, 0.8834656562882894, 0.006584999463252019], [-0.047213163738292416, -0.032475702308872596, 0.9983567717659881], [0.8822277740066056, 0.46736897706232716, 0.056924441526064]], "fy": 532.53717, "fx": 532.53717}, {"id": 88, "img_name": "blue_1_frame_088", "width": 1280, "height": 720, "position": [-4.719569163025851, -0.46767540135992036, -4.059008061322859], "rotation": [[-0.6503627011229255, 0.7596033564632937, 0.0055767557707142364], [-0.0825987360580291, -0.07801411282635391, 0.993524659254989], [0.7551197310075033, 0.64569074687177, 0.11347974497186193]], "fy": 532.53717, "fx": 532.53717}, {"id": 89, "img_name": "blue_1_frame_089", "width": 1280, "height": 720, "position": [-4.7870205534537975, -0.4779242107478385, -3.9911223353305587], "rotation": [[-0.5879890965012419, 0.7867206301218564, 0.18798796604421636], [0.18830704657099767, -0.09288536518184896, 0.9777079150247565], [0.7866443169873409, 0.6102810508536355, -0.0935294578032411]], "fy": 532.53717, "fx": 532.53717}, {"id": 90, "img_name": "blue_1_frame_090", "width": 1280, "height": 720, "position": [-4.95653100743115, -0.33379302302668795, -3.80371822423964], "rotation": [[-0.631275861384418, 0.7524970567360969, 0.18772044062485943], [0.20209755288755588, -0.07407467412774314, 0.9765600442636583], [0.7487638902496179, 0.6544166261174054, -0.10531625872543014]], "fy": 532.53717, "fx": 532.53717}, {"id": 91, "img_name": "blue_1_frame_091", "width": 1280, "height": 720, "position": [-5.173431272465509, -0.1739506511292104, -3.578749909981149], "rotation": [[-0.6641613468744336, 0.7265159792070149, 0.17625050138334955], [0.20329799950285735, -0.05135419705838018, 0.9777692320188951], [0.7194161734901059, 0.6852279034318113, -0.11359177343852452]], "fy": 532.53717, "fx": 532.53717}, {"id": 92, "img_name": "blue_1_frame_092", "width": 1280, "height": 720, "position": [-5.292535851969241, -0.10659762297012783, -3.468972273579992], "rotation": [[-0.6492786486298137, 0.7054813916379398, 0.2841359564811079], [0.32998699693817396, -0.07528524718681408, 0.9409785932410635], [0.6852341333913277, 0.7047184807700172, -0.1839185819305812]], "fy": 532.53717, "fx": 532.53717}, {"id": 93, "img_name": "blue_1_frame_093", "width": 1280, "height": 720, "position": [-5.320937887614701, -0.07494686129404933, -3.3857964620472445], "rotation": [[-0.6443815139400382, 0.7085308362064282, 0.28767432717894026], [0.340786421973226, -0.0706985274095851, 0.9374787105546708], [0.6845707260553308, 0.7021294555060209, -0.19590086434794723]], "fy": 532.53717, "fx": 532.53717}, {"id": 94, "img_name": "blue_1_frame_094", "width": 1280, "height": 720, "position": [-5.289044752282815, -0.01436268772457531, -3.427520904760156], "rotation": [[-0.47890118740228654, 0.8241234098805609, 0.3024471172742439], [0.37150949133772887, -0.12189175002802588, 0.9203929050653175], [0.7953831474872001, 0.553139229430918, -0.24779556532708952]], "fy": 532.53717, "fx": 532.53717}, {"id": 95, "img_name": "blue_1_frame_095", "width": 1280, "height": 720, "position": [-5.470535327668021, 0.18592456952965686, -3.431962984941972], "rotation": [[-0.6533898474785632, 0.7350483243222901, 0.18106813660682397], [0.3532022751402351, 0.0844468909096685, 0.9317278983389221], [0.6695743887119905, 0.6727352262356241, -0.31479748240781535]], "fy": 532.53717, "fx": 532.53717}, {"id": 96, "img_name": "blue_1_frame_096", "width": 1280, "height": 720, "position": [-5.412194131819532, 0.15237937798851484, -3.318596483638572], "rotation": [[-0.6335458176751817, 0.71497363711849, 0.2956896961290129], [0.3616727261824284, -0.06417427463523481, 0.9300938137816597], [0.6839682282877477, 0.6961999436402594, -0.21792912176069712]], "fy": 532.53717, "fx": 532.53717}, {"id": 97, "img_name": "blue_1_frame_097", "width": 1280, "height": 720, "position": [-5.381700961083846, 0.1285751720317459, -3.2458515887018553], "rotation": [[-0.5472671974607992, 0.8123849355543157, 0.20131897272299867], [0.4044796914794196, 0.046132315119788526, 0.9133827167572834], [0.7327310498911223, 0.5812938366907159, -0.35383991005466753]], "fy": 532.53717, "fx": 532.53717}, {"id": 98, "img_name": "blue_1_frame_098", "width": 1280, "height": 720, "position": [-5.519645266418954, 0.006214900528424834, -3.155060281460937], "rotation": [[-0.6396501607570236, 0.6992566852417572, 0.3191986218094087], [0.38161999011023806, -0.07157909510335989, 0.9215436052667251], [0.6672434751787221, 0.711278090063543, -0.2210647496971126]], "fy": 532.53717, "fx": 532.53717}, {"id": 99, "img_name": "blue_1_frame_099", "width": 1280, "height": 720, "position": [-5.513929184962103, -0.08315840668596201, -3.1241949987358226], "rotation": [[-0.6149469206443114, 0.7239100927444017, 0.3127210570181715], [0.39694318154192376, -0.05849672805194164, 0.9159772057901154], [0.6813783035195251, 0.6874098548336967, -0.2513787912996057]], "fy": 532.53717, "fx": 532.53717}, {"id": 100, "img_name": "blue_1_frame_100", "width": 1280, "height": 720, "position": [-5.474102584263996, -0.19986129578679923, -3.133364581230009], "rotation": [[-0.5931998566861827, 0.7319796084979474, 0.3351414332829196], [0.40840002991852187, -0.08514118889471266, 0.9088236307641532], [0.6937747063148731, 0.6759858201293718, -0.24843475185246275]], "fy": 532.53717, "fx": 532.53717}, {"id": 101, "img_name": "blue_1_frame_101", "width": 1280, "height": 720, "position": [-5.4430038657435675, -0.2616494201803798, -3.1499179501961425], "rotation": [[-0.5444140982605822, 0.7628858600616183, 0.34873837758208887], [0.4285242997081703, -0.10445628730521987, 0.8974718992459054], [0.7210965372543157, 0.6380392228495638, -0.27004765431195826]], "fy": 532.53717, "fx": 532.53717}, {"id": 102, "img_name": "blue_1_frame_102", "width": 1280, "height": 720, "position": [-5.565415214709261, -0.18025602681571679, -3.01873029514732], "rotation": [[-0.6156457083717994, 0.7484526975269484, 0.24657437064863985], [0.29482570585693096, -0.07141046295305108, 0.9528789788000636], [0.7307928323828179, 0.6593323173011647, -0.17669954930016957]], "fy": 532.53717, "fx": 532.53717}, {"id": 103, "img_name": "blue_1_frame_103", "width": 1280, "height":